Lade KENO-Daten...
Lade Jackpot-Daten...
Jackpot-Tage: ['16.01.2025', '29.01.2025', '02.02.2025', '16.02.2025', '09.03.2025', '19.03.2025', '27.03.2025', '24.04.2025', '28.05.2025', '18.06.2025', '30.06.2025', '15.07.2025', '27.07.2025', '07.08.2025', '27.09.2025', '25.10.2025', '04.12.2025']

====================================================================================================
JANUAR 2025
====================================================================================================
====================================================================================================
NUMBER INDEX TRACKER - KENO Zahlen-Tracking
Index = Tage in Folge | Count = Gesamt (Reset bei Jackpot) | JCount = Jackpot-Erscheinungen
====================================================================================================

01.01.2025 (Wednesday) 
--------------------------------------------------------------------------------
Zahlen: 46 10 70 39 35 56 28 44 68 55 58 59 36  8 50 22 51 23 29 34
Index:   1  1  1  1  1  1  1  1  1  1  1  1  1  1  1  1  1  1  1  1
Count:   1  1  1  1  1  1  1  1  1  1  1  1  1  1  1  1  1  1  1  1
JCount:  0  0  0  0  0  0  0  0  0  0  0  0  0  0  0  0  0  0  0  0

02.01.2025 (Thursday) 
--------------------------------------------------------------------------------
Zahlen: 40  2 30 23 44 38 32 49 54 11 17 22 46 60 51 47 13 61 56 57
Index:   1  1  1  2  2  1  1  1  1  1  1  2  2  1  2  1  1  1  2  1
Count:   1  1  1  2  2  1  1  1  1  1  1  2  2  1  2  1  1  1  2  1
JCount:  0  0  0  0  0  0  0  0  0  0  0  0  0  0  0  0  0  0  0  0

03.01.2025 (Friday) 
--------------------------------------------------------------------------------
Zahlen: 25 32 39 42 30 53 70 36 54 38  3 68 37 26 41 57 65 15 67 34
Index:   1  2  1  1  2  1  1  1  2  2  1  1  1  1  1  2  1  1  1  1
Count:   1  2  2  1  2  1  2  2  2  2  1  2  1  1  1  2  1  1  1  2
JCount:  0  0  0  0  0  0  0  0  0  0  0  0  0  0  0  0  0  0  0  0

04.01.2025 (Saturday) 
--------------------------------------------------------------------------------
Zahlen: 70  2 57 23  6 27  8 53 44 18 62 59 66 20 12 34 15 29 42 30
Index:   2  1  3  1  1  1  1  2  1  1  1  1  1  1  1  2  2  1  2  3
Count:   3  2  3  3  1  1  2  2  3  1  1  2  1  1  1  3  2  2  2  3
JCount:  0  0  0  0  0  0  0  0  0  0  0  0  0  0  0  0  0  0  0  0

05.01.2025 (Sunday) 
--------------------------------------------------------------------------------
Zahlen: 64 20 21 50 34 31 27 28  8 33 24 63 67 70 37 54 30 15 36 62
Index:   1  2  1  1  3  1  2  1  2  1  1  1  1  3  1  1  4  3  1  2
Count:   1  2  1  2  4  1  2  2  3  1  1  1  2  4  2  3  4  3  3  2
JCount:  0  0  0  0  0  0  0  0  0  0  0  0  0  0  0  0  0  0  0  0
  → Hoher Index (≥4): [(30, 4)]

06.01.2025 (Monday) 
--------------------------------------------------------------------------------
Zahlen: 49  7  9 48 45 24 69 33 26 58 68 17 46 32 23 37 14  4 18  2
Index:   1  1  1  1  1  2  1  2  1  1  1  1  1  1  1  2  1  1  1  1
Count:   2  1  1  1  1  2  1  2  2  2  3  2  3  3  4  3  1  1  2  3
JCount:  0  0  0  0  0  0  0  0  0  0  0  0  0  0  0  0  0  0  0  0

07.01.2025 (Tuesday) 
--------------------------------------------------------------------------------
Zahlen: 26  5 27 68 15 13 18  6  1 46  2 44 31  8 51 41 70 24 29 47
Index:   2  1  1  2  1  1  2  1  1  2  2  1  1  1  1  1  1  3  1  1
Count:   3  1  3  4  4  2  3  2  1  4  4  4  2  4  3  2  5  3  3  2
JCount:  0  0  0  0  0  0  0  0  0  0  0  0  0  0  0  0  0  0  0  0

08.01.2025 (Wednesday) 
--------------------------------------------------------------------------------
Zahlen: 23 10 36 15 58  3 25 62 42 68 11 49 50 63 67 18 48 22 27  1
Index:   1  1  1  2  1  1  1  1  1  3  1  1  1  1  1  3  1  1  2  2
Count:   5  2  4  5  3  2  2  3  3  5  2  3  3  2  3  4  2  3  4  2
JCount:  0  0  0  0  0  0  0  0  0  0  0  0  0  0  0  0  0  0  0  0

09.01.2025 (Thursday) 
--------------------------------------------------------------------------------
Zahlen: 16 40 45 64 54  4 59 44 60 50 66 19 47  9  2 61 27 23 63 36
Index:   1  1  1  1  1  1  1  1  1  2  1  1  1  1  1  1  3  2  2  2
Count:   1  2  2  2  4  2  3  5  2  4  2  1  3  2  5  2  5  6  3  5
JCount:  0  0  0  0  0  0  0  0  0  0  0  0  0  0  0  0  0  0  0  0

10.01.2025 (Friday) 
--------------------------------------------------------------------------------
Zahlen: 26  8 27 10 15 13 48  6 57 55 12 35  4 42 49 36 39 37 19 20
Index:   1  1  4  1  1  1  1  1  1  1  1  1  2  1  1  3  1  1  2  1
Count:   4  5  6  3  6  3  3  3  4  2  2  2  3  4  4  6  3  4  2  3
JCount:  0  0  0  0  0  0  0  0  0  0  0  0  0  0  0  0  0  0  0  0
  → Hoher Index (≥4): [(27, 4)]

11.01.2025 (Saturday) 
--------------------------------------------------------------------------------
Zahlen: 18 63 70 58 46 21 11 45 35  1 24 33 62 41 12 22 50 16 34  5
Index:   1  1  1  1  1  1  1  1  2  1  1  1  1  1  2  1  1  1  1  1
Count:   5  4  6  4  5  2  3  3  3  3  4  3  4  3  3  4  5  2  5  2
JCount:  0  0  0  0  0  0  0  0  0  0  0  0  0  0  0  0  0  0  0  0

12.01.2025 (Sunday) 
--------------------------------------------------------------------------------
Zahlen: 40 41 61 13 51  6 52  8 19 26 15 33  5 63 34 31 27 60 22 11
Index:   1  2  1  1  1  1  1  1  1  1  1  2  2  2  2  1  1  1  2  2
Count:   3  4  3  4  4  4  1  6  3  5  7  4  3  5  6  3  7  3  5  4
JCount:  0  0  0  0  0  0  0  0  0  0  0  0  0  0  0  0  0  0  0  0

13.01.2025 (Monday) 
--------------------------------------------------------------------------------
Zahlen: 39 58 50 45 63 43 12 28 38 60  7 49 16 22 67  8 55 54 25 27
Index:   1  1  1  1  3  1  1  1  1  2  1  1  1  3  1  2  1  1  1  2
Count:   4  5  6  4  6  1  4  3  3  4  2  5  3  6  4  7  3  5  3  8
JCount:  0  0  0  0  0  0  0  0  0  0  0  0  0  0  0  0  0  0  0  0

14.01.2025 (Tuesday) 
--------------------------------------------------------------------------------
Zahlen: 13 15 56  3 61  8 20 64  9 25 34  5 50 22 31 40 52 62 23 63
Index:   1  1  1  1  1  3  1  1  1  2  1  1  2  4  1  1  1  1  1  4
Count:   5  8  3  3  4  8  4  3  3  4  7  4  7  7  4  4  2  5  7  7
JCount:  0  0  0  0  0  0  0  0  0  0  0  0  0  0  0  0  0  0  0  0
  → Hoher Index (≥4): [(22, 4), (63, 4)]

15.01.2025 (Wednesday) 
--------------------------------------------------------------------------------
Zahlen: 65 35  5 63 66 61  4 36 56 29 24 70 33 62 34 43  8 12 22 40
Index:   1  1  2  5  1  2  1  1  2  1  1  1  1  2  2  1  4  1  5  2
Count:   2  4  5  8  3  5  4  7  4  4  5  7  5  6  8  2  9  5  8  5
JCount:  0  0  0  0  0  0  0  0  0  0  0  0  0  0  0  0  0  0  0  0
  → Hoher Index (≥4): [(63, 5), (8, 4), (22, 5)]

16.01.2025 (Thursday) ★ JACKPOT
--------------------------------------------------------------------------------
Zahlen: 36  5  9 29 31 61 45 16  3 35 14 41 11 24 52 21 43 13 50 53
Index:   2  3  1  2  1  3  1  1  1  2  1  1  1  2  1  1  2  1  1  1
Count:   8  6  4  5  5  6  5  4  4  5  2  5  5  6  3  3  3  6  8  3
JCount:  1  1  1  1  1  1  1  1  1  1  1  1  1  1  1  1  1  1  1  1

17.01.2025 (Friday) 
--------------------------------------------------------------------------------
Zahlen: 68 59 39  1 67  9 53 10 44 61 47 36 64 62 14 29 22 43 51 11
Index:   1  1  1  1  1  2  2  1  1  4  1  3  1  1  2  3  1  3  1  2
Count:   6  4  5  4  5  1  1  4  6  1  4  1  4  7  1  1  9  1  5  1
JCount:  0  0  0  0  0  1  1  0  0  1  0  1  0  0  1  1  0  1  0  1
  → Hoher Index (≥4): [(61, 4)]

18.01.2025 (Saturday) 
--------------------------------------------------------------------------------
Zahlen: 17 14  1 68 13 22 43 21 44 55 35 10  9 51 31 27  8  7 47  3
Index:   1  3  2  2  1  2  4  1  2  1  1  2  3  2  1  1  1  1  2  1
Count:   3  2  5  7  1 10  2  1  7  4  1  5  2  6  1  9 10  3  5  1
JCount:  0  1  0  0  1  0  1  1  0  0  1  0  1  0  1  0  0  0  0  1
  → Hoher Index (≥4): [(43, 4)]

19.01.2025 (Sunday) 
--------------------------------------------------------------------------------
Zahlen: 25 59 68 42 57 63 46 11 66 28 13 56  3 50 48 14 41 35 30 65
Index:   1  1  3  1  1  1  1  1  1  1  2  1  2  1  1  4  1  2  1  1
Count:   5  5  8  5  5  9  6  2  4  4  2  5  2  1  4  3  1  2  5  3
JCount:  0  0  0  0  0  0  0  1  0  0  1  0  1  1  0  1  1  1  0  0
  → Hoher Index (≥4): [(14, 4)]

20.01.2025 (Monday) 
--------------------------------------------------------------------------------
Zahlen:  8 33 37 67 54 40 69  1 64 58 32 27 22 57 26 28 53 44 43 48
Index:   1  1  1  1  1  1  1  1  1  1  1  1  1  2  1  2  1  1  1  2
Count:  11  6  5  6  6  6  2  6  5  6  4 10 11  6  6  5  2  8  3  5
JCount:  0  0  0  0  0  0  0  0  0  0  0  0  0  0  0  0  1  0  1  0

21.01.2025 (Tuesday) 
--------------------------------------------------------------------------------
Zahlen: 54 25 52 65 48  8 45 51 23 41  2 59 22  5 33 57 21 49 11 66
Index:   2  1  1  1  3  2  1  1  1  1  1  1  2  1  2  3  1  1  1  1
Count:   7  6  1  4  6 12  1  7  8  2  6  6 12  1  7  7  2  6  3  5
JCount:  0  0  1  0  0  0  1  0  0  1  0  0  0  1  0  0  1  0  1  0

22.01.2025 (Wednesday) 
--------------------------------------------------------------------------------
Zahlen: 18 58 25 22  4 41 42 29 53 38 61 31  5 65 27  6 68 62 39 11
Index:   1  1  2  3  1  2  1  1  1  1  1  1  2  2  1  1  1  1  1  2
Count:   6  7  7 13  5  3  6  2  3  4  2  2  2  5 11  5  9  8  6  4
JCount:  0  0  0  0  0  1  0  1  1  0  1  1  1  0  0  0  0  0  0  1

23.01.2025 (Thursday) 
--------------------------------------------------------------------------------
Zahlen: 35 65 11 44 43 62 17 27 52  2 45 15 61  8 59 53 26  7 29 23
Index:   1  3  3  1  1  2  1  2  1  1  1  1  2  1  1  2  1  1  2  1
Count:   3  6  5  9  4  9  4 12  2  7  2  9  3 13  7  4  7  4  3  9
JCount:  1  0  1  0  1  0  0  0  1  0  1  0  1  0  0  1  0  0  1  0

24.01.2025 (Friday) 
--------------------------------------------------------------------------------
Zahlen:  9 40 55 19 37  3 51 30 61 24 65 21 11 67 45 33 22  6 49 15
Index:   1  1  1  1  1  1  1  1  3  1  4  1  4  1  2  1  1  1  1  2
Count:   3  7  5  4  6  3  8  6  4  1  7  3  6  7  3  8 14  6  7 10
JCount:  1  0  0  0  0  1  0  0  1  1  0  1  1  0  1  0  0  0  0  0
  → Hoher Index (≥4): [(65, 4), (11, 4)]

25.01.2025 (Saturday) 
--------------------------------------------------------------------------------
Zahlen: 16 25 35  3 39 20 49 24  9  5 53  8 28 51 42 68 37 15 29 21
Index:   1  1  1  2  1  1  2  2  2  1  1  1  1  2  1  1  2  3  1  2
Count:   1  8  4  4  7  5  8  2  4  3  5 14  6  9  7 10  7 11  4  4
JCount:  1  0  1  1  0  0  0  1  1  1  1  0  0  0  0  0  0  0  1  1

26.01.2025 (Sunday) 
--------------------------------------------------------------------------------
Zahlen: 15 45 49 51 39 30 35 68 38  7 16 10  2  1 18 21 11 43 36 50
Index:   4  1  3  3  2  1  2  2  1  1  2  1  1  1  1  3  1  1  1  1
Count:  12  4  9 10  8  7  5 11  5  5  2  6  8  7  7  5  7  5  2  2
JCount:  0  1  0  0  0  0  1  0  0  0  1  0  0  0  0  1  1  1  1  1
  → Hoher Index (≥4): [(15, 4)]

27.01.2025 (Monday) 
--------------------------------------------------------------------------------
Zahlen: 24 58 19 51 70 35 69 14 22  5 15 64 55 40 41  6 67 17 34  8
Index:   1  1  1  4  1  3  1  1  1  1  5  1  1  1  1  1  1  1  1  1
Count:   3  8  5 11  8  6  3  4 15  4 13  6  6  8  4  7  8  5  9 15
JCount:  1  0  0  0  0  1  0  1  0  1  0  0  0  0  1  0  0  0  0  0
  → Hoher Index (≥4): [(51, 4), (15, 5)]

28.01.2025 (Tuesday) 
--------------------------------------------------------------------------------
Zahlen: 62 22  8  9 29 51 60 39 23 45 10  5 30 27 52 63 69 67 32 46
Index:   1  2  2  1  1  5  1  1  1  1  1  2  1  1  1  1  2  2  1  1
Count:  10 16 16  5  5 12  5  9 10  5  7  5  8 13  3 10  4  9  5  7
JCount:  0  0  0  1  1  0  0  0  0  1  0  1  0  0  1  0  0  0  0  0
  → Hoher Index (≥4): [(51, 5)]

29.01.2025 (Wednesday) ★ JACKPOT
--------------------------------------------------------------------------------
Zahlen: 49 11 21 65 39 58 59 30 18  4 50 36 13 46 67 12 26  2 61 31
Index:   1  1  1  1  2  1  1  2  1  1  1  1  1  2  3  1  1  1  1  1
Count:  10  8  6  8 10  9  8  9  8  6  3  3  3  8 10  6  8  9  5  3
JCount:  1  2  2  1  1  1  1  1  1  1  2  2  2  1  1  1  1  1  2  2

30.01.2025 (Thursday) 
--------------------------------------------------------------------------------
Zahlen: 55 43 64 35 37  2 45 34 41 23 65 67 39 40 33  4 62 69 26 50
Index:   1  1  1  1  1  2  1  1  1  1  2  4  3  1  1  2  1  1  2  2
Count:   7  6  7  7  8  1  6 10  5 11  1  1  1  9  9  1 11  5  1  1
JCount:  0  1  0  1  0  1  1  0  1  0  1  1  1  0  0  1  0  0  1  2
  → Hoher Index (≥4): [(67, 4)]

31.01.2025 (Friday) 
--------------------------------------------------------------------------------
Zahlen: 54 62 63 42 29 45 28  7 66 21 36  3 22 25 69 19 17 55 20  6
Index:   1  2  1  1  1  2  1  1  1  1  1  1  1  1  2  1  1  2  1  1
Count:   8 12 11  8  6  7  7  6  6  1  1  5 17  9  6  6  6  8  6  8
JCount:  0  0  0  0  1  1  0  0  0  2  2  1  0  0  0  0  0  0  0  0

====================================================================================================
FEBRUAR 2025
====================================================================================================
====================================================================================================
NUMBER INDEX TRACKER - KENO Zahlen-Tracking
Index = Tage in Folge | Count = Gesamt (Reset bei Jackpot) | JCount = Jackpot-Erscheinungen
====================================================================================================

01.02.2025 (Saturday) 
--------------------------------------------------------------------------------
Zahlen: 61 49 48  2 39 63 42 66 52  7 12 15  4 22 34 26 55 28 24 62
Index:   1  1  1  1  1  1  1  1  1  1  1  1  1  1  1  1  1  1  1  1
Count:   1  1  1  1  1  1  1  1  1  1  1  1  1  1  1  1  1  1  1  1
JCount:  0  0  0  0  0  0  0  0  0  0  0  0  0  0  0  0  0  0  0  0

02.02.2025 (Sunday) ★ JACKPOT
--------------------------------------------------------------------------------
Zahlen: 52 34 64  8 33 60 45 70 58 18 17 19 55 68 54 61 48 57 51 67
Index:   2  2  1  1  1  1  1  1  1  1  1  1  2  1  1  2  2  1  1  1
Count:   2  2  1  1  1  1  1  1  1  1  1  1  2  1  1  2  2  1  1  1
JCount:  1  1  1  1  1  1  1  1  1  1  1  1  1  1  1  1  1  1  1  1

03.02.2025 (Monday) 
--------------------------------------------------------------------------------
Zahlen: 23 61 51 35 41 63 45  7 19 56 65 68 62 60 50 42 34 55 32 43
Index:   1  3  2  1  1  1  2  1  2  1  1  2  1  2  1  1  3  3  1  1
Count:   1  1  1  1  1  2  1  2  1  1  1  1  2  1  1  2  1  1  1  1
JCount:  0  1  1  0  0  0  1  0  1  0  0  1  0  1  0  0  1  1  0  0

04.02.2025 (Tuesday) 
--------------------------------------------------------------------------------
Zahlen: 49 10 36 57 46 15 20 56  2 70 27 18 30  8  9 41 62 25 55  3
Index:   1  1  1  1  1  1  1  2  1  1  1  1  1  1  1  2  2  1  4  1
Count:   2  1  1  1  1  2  1  2  2  1  1  1  1  1  1  2  3  1  2  1
JCount:  0  0  0  1  0  0  0  0  0  1  0  1  0  1  0  0  0  0  1  0
  → Hoher Index (≥4): [(55, 4)]

05.02.2025 (Wednesday) 
--------------------------------------------------------------------------------
Zahlen: 26 62 15 43 41 64 10 39  9 21 34 38  4 48 65 60  8 33  7 14
Index:   1  3  2  1  3  1  2  1  2  1  1  1  1  1  1  1  2  1  1  1
Count:   2  4  3  2  3  1  2  2  2  1  2  1  2  1  2  2  2  1  3  1
JCount:  0  0  0  0  0  1  0  0  0  0  1  0  0  1  0  1  1  1  0  0

06.02.2025 (Thursday) 
--------------------------------------------------------------------------------
Zahlen: 32 58 44 11 66 60 30  2 56 34  1 15 70 50 47  6 37 49 13 57
Index:   1  1  1  1  1  2  1  1  1  2  1  3  1  1  1  1  1  1  1  1
Count:   2  1  1  1  2  3  2  3  3  3  1  4  2  2  1  1  1  3  1  2
JCount:  0  1  0  0  0  1  0  0  0  1  0  0  1  0  0  0  0  0  0  1

07.02.2025 (Friday) 
--------------------------------------------------------------------------------
Zahlen: 69 10 12 52 32 24 22 33 53 28 58  4 18 14 66 45 61 55 38 20
Index:   1  1  1  1  2  1  1  1  1  1  2  1  1  1  2  1  1  1  1  1
Count:   1  3  2  1  3  2  2  2  1  2  2  3  2  2  3  2  2  3  2  2
JCount:  0  0  0  1  0  0  0  1  0  0  1  0  1  0  0  1  1  1  0  0

08.02.2025 (Saturday) 
--------------------------------------------------------------------------------
Zahlen: 31 67 22 32  7 33 68 15 57 42 65 37 28 39 14 44  5 62 51  2
Index:   1  1  2  3  1  2  1  1  1  1  1  1  2  1  2  1  1  1  1  1
Count:   1  1  3  4  4  3  2  5  3  3  3  2  3  3  3  2  1  5  2  4
JCount:  0  1  0  0  0  1  1  0  1  0  0  0  0  0  0  0  0  0  1  0

09.02.2025 (Sunday) 
--------------------------------------------------------------------------------
Zahlen: 53 56 62  7 46 19 59  2 32 57 12 48 44 10 28 23 25 69 54 61
Index:   1  1  2  2  1  1  1  2  4  2  1  1  2  1  3  1  1  1  1  1
Count:   2  4  6  5  2  2  1  5  5  4  3  2  3  4  4  2  2  2  1  3
JCount:  0  0  0  0  0  1  0  0  0  1  0  1  0  0  0  0  0  0  1  1
  → Hoher Index (≥4): [(32, 4)]

10.02.2025 (Monday) 
--------------------------------------------------------------------------------
Zahlen: 13 47 62  6 67 28 49  7 11 26 23 57 33  2 60 48 15 70  4  3
Index:   1  1  3  1  1  4  1  3  1  1  2  3  1  3  1  2  1  1  1  1
Count:   2  2  7  2  2  5  4  6  2  3  3  5  4  6  4  3  6  3  4  2
JCount:  0  0  0  0  1  0  0  0  0  0  0  1  1  0  1  1  0  1  0  0
  → Hoher Index (≥4): [(28, 4)]

11.02.2025 (Tuesday) 
--------------------------------------------------------------------------------
Zahlen: 58 38 18 43 50 45 41 39 53 11 49 51 46 26 63 57 15 35 29 62
Index:   1  1  1  1  1  1  1  1  1  2  2  1  1  2  1  4  2  1  1  4
Count:   3  3  3  3  3  3  4  4  3  3  5  3  3  4  3  6  7  2  1  8
JCount:  1  0  1  0  0  1  0  0  0  0  0  1  0  0  0  1  0  0  0  0
  → Hoher Index (≥4): [(57, 4), (62, 4)]

12.02.2025 (Wednesday) 
--------------------------------------------------------------------------------
Zahlen: 17 37 67  9 55 21 26 23 22 59 30 62 10 14 13 60 49 15 53 42
Index:   1  1  1  1  1  1  3  1  1  1  1  5  1  1  1  1  3  3  2  1
Count:   1  3  3  3  4  2  5  4  4  2  3  9  5  4  3  5  6  8  4  4
JCount:  1  0  1  0  1  0  0  0  0  0  0  0  0  0  0  1  0  0  0  0
  → Hoher Index (≥4): [(62, 5)]

13.02.2025 (Thursday) 
--------------------------------------------------------------------------------
Zahlen: 33 60 12 63  2 19 50 48 44  5 49 20 15 10 61 26 70 47 45 41
Index:   1  2  1  1  1  1  1  1  1  1  4  1  4  2  1  4  1  1  1  1
Count:   5  6  4  4  7  3  4  4  4  2  7  3  9  6  4  6  4  3  4  5
JCount:  1  1  0  0  0  1  0  1  0  0  0  0  0  0  1  0  1  0  1  0
  → Hoher Index (≥4): [(49, 4), (15, 4), (26, 4)]

14.02.2025 (Friday) 
--------------------------------------------------------------------------------
Zahlen: 47 38 61  2 36 24 48 33  5 54  4 37 28 63 59 69 25 32 53 42
Index:   2  1  2  2  1  1  2  2  2  1  1  1  1  2  1  1  1  1  1  1
Count:   4  4  5  8  2  3  5  6  3  2  5  4  6  5  3  3  3  6  5  5
JCount:  0  0  1  0  0  0  1  1  0  1  0  0  0  0  0  0  0  0  0  0

15.02.2025 (Saturday) 
--------------------------------------------------------------------------------
Zahlen: 57  7 40  6 45 32  8 27 42 52 46 15 39 13  1 61  9 36 41 25
Index:   1  1  1  1  1  2  1  1  2  1  1  1  1  1  1  3  1  2  1  2
Count:   7  7  1  3  5  7  3  2  6  2  4 10  5  4  2  6  4  3  6  4
JCount:  1  0  0  0  1  0  1  0  0  1  0  0  0  0  0  1  0  0  0  0

16.02.2025 (Sunday) ★ JACKPOT
--------------------------------------------------------------------------------
Zahlen: 27 70 49 44  4 33  7 29 59 37 16 54  8 50 58 39 38 34 53 12
Index:   2  1  1  1  1  1  2  1  1  1  1  1  2  1  1  2  1  1  1  1
Count:   3  5  8  5  6  7  8  2  4  5  1  3  4  5  4  6  5  4  6  5
JCount:  1  2  1  1  1  2  1  1  1  1  1  2  2  1  2  1  1  2  1  1

17.02.2025 (Monday) 
--------------------------------------------------------------------------------
Zahlen: 21 48  8 54 65 40 55 31 14 12 45 70 32 42 18 68 22 24 56 53
Index:   1  1  3  2  1  1  1  1  1  2  1  2  1  1  1  1  1  1  1  2
Count:   3  6  1  1  4  2  5  2  5  1  6  1  8  7  4  3  5  4  5  1
JCount:  0  1  2  2  0  0  1  0  0  1  1  2  0  0  1  1  0  0  0  1

18.02.2025 (Tuesday) 
--------------------------------------------------------------------------------
Zahlen: 68 58 13 11 54 66 61 37 49 55 17 45 15  9 20 46 53 69 24 10
Index:   2  1  1  1  3  1  1  1  1  2  1  2  1  1  1  1  3  1  2  1
Count:   4  1  5  4  2  4  7  1  1  6  2  7 11  5  4  5  2  4  5  7
JCount:  1  2  0  0  2  0  1  1  1  1  1  1  0  0  0  0  1  0  0  0

19.02.2025 (Wednesday) 
--------------------------------------------------------------------------------
Zahlen: 20 63 56 17 27 15 54  1 32 26 55 49 46 18 43  2 57 66 38 61
Index:   2  1  1  2  1  2  4  1  1  1  3  2  2  1  1  1  1  2  1  2
Count:   5  6  6  3  1 12  3  3  9  7  7  2  6  5  4  9  8  5  1  8
JCount:  0  0  0  1  1  0  2  0  0  0  1  1  0  1  0  0  1  0  1  1
  → Hoher Index (≥4): [(54, 4)]

20.02.2025 (Thursday) 
--------------------------------------------------------------------------------
Zahlen:  9  5 60 10 38 67  7  6 49 12 64 70 16 57  3  1 15 13 47 46
Index:   1  1  1  1  2  1  1  1  3  1  1  1  1  2  1  2  3  1  1  3
Count:   6  4  7  8  2  4  1  4  3  2  2  2  1  9  3  4 13  6  5  7
JCount:  0  0  1  0  1  1  1  0  1  1  1  2  1  1  0  0  0  0  0  0

21.02.2025 (Friday) 
--------------------------------------------------------------------------------
Zahlen: 33 46 27 19 34 44 67 50  7 24 69 60 30 26 12 29  3 47 43 52
Index:   1  4  1  1  1  1  2  1  2  1  1  2  1  1  2  1  2  2  1  1
Count:   1  8  2  4  1  1  5  1  2  6  5  8  4  8  3  1  4  6  5  3
JCount:  2  0  1  1  2  1  1  1  1  0  0  1  0  0  1  1  0  0  0  1
  → Hoher Index (≥4): [(46, 4)]

22.02.2025 (Saturday) 
--------------------------------------------------------------------------------
Zahlen:  2 50 40 10 56 32 65 26  8 13 68 23 28  7 61 43 55 22 53 51
Index:   1  2  1  1  1  1  1  2  1  1  1  1  1  3  1  2  1  1  1  1
Count:  10  2  3  9  7 10  5  9  2  7  5  5  7  3  9  6  8  6  3  4
JCount:  0  1  0  0  0  0  0  0  2  0  1  0  0  1  1  0  1  0  1  1

23.02.2025 (Sunday) 
--------------------------------------------------------------------------------
Zahlen: 13 20 16 45  4 32 38 63 55 34  3 17 51 65 37 59 43 50  1 29
Index:   2  1  1  1  1  2  1  1  2  1  1  1  2  2  1  1  3  3  1  1
Count:   8  6  2  8  1 11  3  7  9  2  5  4  5  6  2  1  7  3  5  2
JCount:  0  0  1  1  1  0  1  0  1  2  0  1  1  0  1  1  0  1  0  1

24.02.2025 (Monday) 
--------------------------------------------------------------------------------
Zahlen: 38 40 33 65 64 54 18 42  2 58 27  7 67 24 30 29 37 39 70 57
Index:   2  1  1  3  1  1  1  1  1  1  1  1  1  1  1  2  2  1  1  1
Count:   4  4  2  7  3  4  6  8 11  2  3  4  6  7  5  3  3  1  3 10
JCount:  1  0  2  0  1  2  1  0  0  2  1  1  1  0  0  1  1  1  2  1

25.02.2025 (Tuesday) 
--------------------------------------------------------------------------------
Zahlen: 24 17 46 32 28 53 45 61 18 58 51 12  9 25 54  3 48 14 31 59
Index:   2  1  1  1  1  1  1  1  2  2  1  1  1  1  2  1  1  1  1  1
Count:   8  5  9 12  8  4  9 10  7  3  6  4  7  5  5  6  7  6  3  2
JCount:  0  1  0  0  0  1  1  1  1  2  1  1  0  0  2  0  1  0  0  1

26.02.2025 (Wednesday) 
--------------------------------------------------------------------------------
Zahlen: 17 51 19 18 46 57 56 59 16 28  3 27 54 47 43 44 33 23 31 26
Index:   2  2  1  3  2  1  1  2  1  2  2  1  3  1  1  1  1  1  2  1
Count:   6  7  5  8 10 11  8  3  3  9  7  4  6  7  8  2  3  6  4 10
JCount:  1  1  1  1  0  1  0  1  1  0  0  1  2  0  0  1  2  0  0  0

27.02.2025 (Thursday) 
--------------------------------------------------------------------------------
Zahlen: 38 66 21 39 32 47 16 40 25 28 37 44 23  2 18 30 48 69  7 65
Index:   1  1  1  1  1  2  2  1  1  3  1  2  2  1  4  1  1  1  1  1
Count:   5  6  4  2 13  8  4  5  6 10  4  3  7 12  9  6  8  6  5  8
JCount:  1  0  0  1  0  0  1  0  0  0  1  1  0  0  1  0  1  0  1  0
  → Hoher Index (≥4): [(18, 4)]

28.02.2025 (Friday) 
--------------------------------------------------------------------------------
Zahlen: 20 10 55 45 64  5 29 35 22  9 42 65 62 31 51 43 16 11 38 56
Index:   1  1  1  1  1  1  1  1  1  1  1  2  1  1  1  1  3  1  2  1
Count:   7 10 10 10  4  5  4  3  7  8  9  9 10  5  8  9  5  5  6  9
JCount:  0  0  1  1  1  0  1  0  0  0  0  0  0  0  1  0  1  0  1  0
